0.01
43.29	20.39	56.42	26.46	18.46	8.73	17.52	
41.46	7.51	50.55	10.34	18.59	2.94	13.75	
28.63	0.51	25.74	0.52	25.72	0.00	12.80	
0.10
43.18	20.34	56.28	26.39	18.52	8.76	17.39	
41.34	7.49	50.42	10.30	18.63	2.97	13.74	
28.66	0.51	25.74	0.51	25.65	0.00	12.57	
0.20
43.24	20.37	56.25	26.38	18.47	8.73	17.39	
41.45	7.50	50.45	10.31	18.57	2.96	13.69	
28.67	0.51	25.76	0.52	25.64	0.00	12.48	
0.40
43.41	20.45	56.63	26.57	17.65	8.32	16.51	
41.59	7.53	50.79	10.36	17.79	2.83	13.19	
28.65	0.51	25.75	0.51	25.75	0.00	12.00	
0.50
43.45	20.47	56.59	26.55	16.85	7.92	15.62	
41.63	7.52	50.69	10.35	17.09	2.67	12.55	
28.62	0.51	25.73	0.52	25.74	0.00	11.92	
0.60
43.51	20.50	56.78	26.64	15.63	7.32	14.37	
41.64	7.54	50.90	10.40	15.79	2.48	11.66	
28.68	0.51	25.76	0.52	25.67	0.00	10.84	
0.80
43.82	20.66	57.14	26.82	11.86	5.43	10.72	
42.02	7.57	51.21	10.42	11.99	1.85	8.99	
28.63	0.51	25.74	0.51	25.35	0.00	8.80	
0.90
44.08	20.79	57.56	27.03	9.57	4.29	8.86	
42.29	7.58	51.66	10.49	9.77	1.46	7.64	
28.64	0.51	25.73	0.52	25.41	0.00	8.12	
